10 2
0 8 18 19 16 16 17 12 17 16 18 
8 0 10 11 11 11 10 6 10 8 11 
18 10 0 6 8 8 11 6 13 8 10 
19 11 6 0 14 14 6 11 8 4 4 
16 11 8 14 0 0 17 5 19 14 17 
16 11 8 14 0 0 17 5 19 14 17 
17 10 11 6 17 17 0 13 2 2 2 
12 6 6 11 5 5 13 0 14 10 13 
17 10 13 8 19 19 2 14 0 4 4 
16 8 8 4 14 14 2 10 4 0 3 
18 11 10 4 17 17 2 13 4 3 0 
